value range: [0.188087,1.57056]
sparse distance matrix with 101 points and 4875 entries
persistence intervals in dim 0:
 [0,0.188087)
{[100]}
 [0,0.188352)
{[99]}
 [0,0.188962)
{[98]}
 [0,0.189372)
{[97]}
 [0,0.190617)
{[96]}
 [0,0.190737)
{[95]}
 [0,0.194035)
{[94]}
 [0,0.194977)
{[93]}
 [0,0.195031)
{[92]}
 [0,0.195446)
{[91]}
 [0,0.196373)
{[90]}
 [0,0.1965)
{[89]}
 [0,0.197161)
{[31], [96]}
 [0,0.197204)
{[18], [89]}
 [0,0.197756)
{[38], [92]}
 [0,0.197835)
{[88]}
 [0,0.197996)
{[87]}
 [0,0.198411)
{[86]}
 [0,0.200812)
{[26], [88], [99]}
 [0,0.201009)
{[85]}
 [0,0.201066)
{[84]}
 [0,0.201222)
{[83]}
 [0,0.2028)
{[50], [83]}
 [0,0.203444)
{[82]}
 [0,0.203445)
{[18], [35], [89]}
 [0,0.203517)
{[81]}
 [0,0.20379)
{[80]}
 [0,0.203876)
{[79]}
 [0,0.204041)
{[78]}
 [0,0.204394)
{[42], [86], [91]}
 [0,0.204408)
{[77]}
 [0,0.204716)
{[76]}
 [0,0.205409)
{[75]}
 [0,0.205666)
{[74]}
 [0,0.206252)
{[26], [53], [88], [99]}
 [0,0.206327)
{[39], [78]}
 [0,0.206374)
{[34], [74]}
 [0,0.207384)
{[41], [100]}
 [0,0.207713)
{[49], [75]}
 [0,0.208257)
{[10], [98]}
 [0,0.208408)
{[73]}
 [0,0.209474)
{[8], [85]}
 [0,0.209747)
{[10], [13], [26], [53], [88], [98], [99]}
 [0,0.210007)
{[15], [77]}
 [0,0.211267)
{[24], [94]}
 [0,0.211546)
{[10], [13], [26], [53], [69], [87], [88], [98], [99]}
 [0,0.212176)
{[72]}
 [0,0.213899)
{[2], [10], [13], [26], [53], [69], [87], [88], [90], [98], [99]}
 [0,0.214904)
{[71]}
 [0,0.215836)
{[70]}
 [0,0.216068)
{[24], [47], [71], [94]}
 [0,0.217136)
{[52], [84]}
 [0,0.217922)
{[68]}
 [0,0.219275)
{[7], [42], [86], [91]}
 [0,0.219513)
{[37], [95]}
 [0,0.219642)
{[24], [46], [47], [71], [94]}
 [0,0.219943)
{[8], [31], [44], [76], [79], [85], [96]}
 [0,0.220257)
{[22], [52], [84]}
 [0,0.222279)
{[14], [41], [49], [73], [75], [100]}
 [0,0.222379)
{[67]}
 [0,0.222987)
{[66]}
 [0,0.223774)
{[16], [68]}
 [0,0.224866)
{[16], [30], [68]}
 [0,0.224929)
{[65]}
 [0,0.22534)
{[7], [40], [42], [86], [91]}
 [0,0.227709)
{[64]}
 [0,0.228732)
{[9], [72], [81]}
 [0,0.22886)
{[2], [10], [13], [26], [53], [57], [69], [87], [88], [90], [98], [99]}
 [0,0.229154)
{[2], [10], [13], [15], [22], [24], [26], [46], [47], [52], [53], [57], [58], [69], [71], [77], [84], [87], [88], [90], [94], [98], [99]}
 [0,0.229651)
{[8], [23], [31], [44], [67], [76], [79], [85], [96], [97]}
 [0,0.230128)
{[62]}
 [0,0.230646)
{[61]}
 [0,0.231252)
{[18], [34], [35], [63], [74], [89]}
 [0,0.232089)
{[60]}
 [0,0.232154)
{[4], [61], [66]}
 [0,0.233083)
{[8], [23], [31], [44], [45], [67], [76], [79], [85], [96], [97]}
 [0,0.233661)
{[1], [70]}
 [0,0.233723)
{[33], [80]}
 [0,0.234032)
{[59]}
 [0,0.235004)
{[9], [25], [37], [59], [62], [72], [81], [95]}
 [0,0.235268)
{[1], [4], [7], [8], [9], [18], [20], [23], [25], [31], [34], [35], [37], [40], [42], [44], [45], [59], [60], [61], [62], [63], [66], [67], [70], [72], [74], [76], [79], [81], [85], [86], [89], [91], [95], [96], [97]}
 [0,0.237174)
{[48], [93]}
 [0,0.237552)
{[2], [10], [13], [15], [22], [24], [26], [32], [46], [47], [52], [53], [57], [58], [69], [71], [77], [82], [84], [87], [88], [90], [94], [98], [99]}
 [0,0.238699)
{[1], [2], [4], [7], [8], [9], [10], [13], [15], [18], [20], [22], [23], [24], [25], [26], [29], [31], [32], [34], [35], [37], [40], [42], [44], [45], [46], [47], [52], [53], [57], [58], [59], [60], [61], [62], [63], [66], [67], [69], [70], [71], [72], [74], [76], [77], [79], [81], [82], [84], [85], [86], [87], [88], [89], [90], [91], [94], [95], [96], [97], [98], [99]}
 [0,0.240025)
{[0], [48], [93]}
 [0,0.240393)
{[1], [2], [4], [7], [8], [9], [10], [13], [15], [18], [20], [22], [23], [24], [25], [26], [29], [31], [32], [34], [35], [36], [37], [40], [42], [44], [45], [46], [47], [52], [53], [57], [58], [59], [60], [61], [62], [63], [64], [66], [67], [69], [70], [71], [72], [74], [76], [77], [79], [81], [82], [84], [85], [86], [87], [88], [89], [90], [91], [94], [95], [96], [97], [98], [99]}
 [0,0.241464)
{[1], [2], [4], [7], [8], [9], [10], [13], [15], [17], [18], [20], [22], [23], [24], [25], [26], [29], [31], [32], [34], [35], [36], [37], [40], [42], [44], [45], [46], [47], [52], [53], [57], [58], [59], [60], [61], [62], [63], [64], [66], [67], [69], [70], [71], [72], [74], [76], [77], [79], [81], [82], [84], [85], [86], [87], [88], [89], [90], [91], [94], [95], [96], [97], [98], [99]}
 [0,0.241609)
{[56]}
 [0,0.242624)
{[55]}
 [0,0.243307)
{[54]}
 [0,0.2464)
{[14], [28], [41], [49], [73], [75], [100]}
 [0,0.247386)
{[0], [1], [2], [4], [7], [8], [9], [10], [13], [14], [15], [17], [18], [20], [21], [22], [23], [24], [25], [26], [28], [29], [31], [32], [34], [35], [36], [37], [39], [40], [41], [42], [44], [45], [46], [47], [48], [49], [52], [53], [54], [55], [57], [58], [59], [60], [61], [62], [63], [64], [66], [67], [69], [70], [71], [72], [73], [74], [75], [76], [77], [78], [79], [81], [82], [84], [85], [86], [87], [88], [89], [90], [91], [93], [94], [95], [96], [97], [98], [99], [100]}
 [0,0.248816)
{[12], [33], [80]}
 [0,0.249955)
{[3], [38], [65], [92]}
 [0,0.255711)
{[0], [1], [2], [3], [4], [6], [7], [8], [9], [10], [13], [14], [15], [17], [18], [20], [21], [22], [23], [24], [25], [26], [28], [29], [31], [32], [34], [35], [36], [37], [38], [39], [40], [41], [42], [44], [45], [46], [47], [48], [49], [52], [53], [54], [55], [57], [58], [59], [60], [61], [62], [63], [64], [65], [66], [67], [69], [70], [71], [72], [73], [74], [75], [76], [77], [78], [79], [81], [82], [84], [85], [86], [87], [88], [89], [90], [91], [92], [93], [94], [95], [96], [97], [98], [99], [100]}
 [0,0.25721)
{[0], [1], [2], [3], [4], [6], [7], [8], [9], [10], [13], [14], [15], [17], [18], [19], [20], [21], [22], [23], [24], [25], [26], [28], [29], [31], [32], [34], [35], [36], [37], [38], [39], [40], [41], [42], [44], [45], [46], [47], [48], [49], [50], [52], [53], [54], [55], [57], [58], [59], [60], [61], [62], [63], [64], [65], [66], [67], [69], [70], [71], [72], [73], [74], [75], [76], [77], [78], [79], [81], [82], [83], [84], [85], [86], [87], [88], [89], [90], [91], [92], [93], [94], [95], [96], [97], [98], [99], [100]}
 [0,0.258927)
{[0], [1], [2], [3], [4], [6], [7], [8], [9], [10], [13], [14], [15], [17], [18], [19], [20], [21], [22], [23], [24], [25], [26], [27], [28], [29], [31], [32], [34], [35], [36], [37], [38], [39], [40], [41], [42], [44], [45], [46], [47], [48], [49], [50], [52], [53], [54], [55], [56], [57], [58], [59], [60], [61], [62], [63], [64], [65], [66], [67], [69], [70], [71], [72], [73], [74], [75], [76], [77], [78], [79], [81], [82], [83], [84], [85], [86], [87], [88], [89], [90], [91], [92], [93], [94], [95], [96], [97], [98], [99], [100]}
 [0,0.261563)
{[0], [1], [2], [3], [4], [5], [6], [7], [8], [9], [10], [13], [14], [15], [17], [18], [19], [20], [21], [22], [23], [24], [25], [26], [27], [28], [29], [31], [32], [34], [35], [36], [37], [38], [39], [40], [41], [42], [44], [45], [46], [47], [48], [49], [50], [52], [53], [54], [55], [56], [57], [58], [59], [60], [61], [62], [63], [64], [65], [66], [67], [69], [70], [71], [72], [73], [74], [75], [76], [77], [78], [79], [81], [82], [83], [84], [85], [86], [87], [88], [89], [90], [91], [92], [93], [94], [95], [96], [97], [98], [99], [100]}
 [0,0.288567)
{[0], [1], [2], [3], [4], [5], [6], [7], [8], [9], [10], [12], [13], [14], [15], [16], [17], [18], [19], [20], [21], [22], [23], [24], [25], [26], [27], [28], [29], [30], [31], [32], [33], [34], [35], [36], [37], [38], [39], [40], [41], [42], [44], [45], [46], [47], [48], [49], [50], [51], [52], [53], [54], [55], [56], [57], [58], [59], [60], [61], [62], [63], [64], [65], [66], [67], [68], [69], [70], [71], [72], [73], [74], [75], [76], [77], [78], [79], [80], [81], [82], [83], [84], [85], [86], [87], [88], [89], [90], [91], [92], [93], [94], [95], [96], [97], [98], [99], [100]}
 [0,0.301245)
{[43]}
 [0, )
{[0], [1], [2], [3], [4], [5], [6], [7], [8], [9], [10], [11], [12], [13], [14], [15], [16], [17], [18], [19], [20], [21], [22], [23], [24], [25], [26], [27], [28], [29], [30], [31], [32], [33], [34], [35], [36], [37], [38], [39], [40], [41], [42], [43], [44], [45], [46], [47], [48], [49], [50], [51], [52], [53], [54], [55], [56], [57], [58], [59], [60], [61], [62], [63], [64], [65], [66], [67], [68], [69], [70], [71], [72], [73], [74], [75], [76], [77], [78], [79], [80], [81], [82], [83], [84], [85], [86], [87], [88], [89], [90], [91], [92], [93], [94], [95], [96], [97], [98], [99], [100]}

persistence intervals in dim 1:
 [0.363635,0.370461):  {[28,56]}
 [0.344642,0.379503):  {[27,38], [12,27]}
 [0.324314,0.337185):  {[6,89], [6,35], [6,55]}
 [0.321167,0.373093):  {[4,43], [43,61], [4,28]}
 [0.319855,0.368012):  {[33,43]}
 [0.31707,0.382992):  {[28,43], [4,43], [43,61], [27,38], [12,27], [12,28]}
 [0.315633,0.320281):  {[49,73]}
 [0.315545,0.330638):  {[37,49], [7,37]}
 [0.314785,0.351447):  {[12,38]}
 [0.311849,0.326831):  {[19,92], [19,38]}
 [0.307296,0.307916):  {[1,74]}
 [0.306776,0.350943):  {[20,64]}
 [0.306584,0.357103):  {[31,92], [19,92], [19,38], [3,31]}
 [0.30573,0.357414):  {[11,78], [11,39]}
 [0.305096,0.356977):  {[40,64], [20,64]}
 [0.298299,0.321865):  {[11,48]}
 [0.297003,0.398388):  {[14,56], [56,73], [28,43], [4,43], [43,61], [28,56], [0,73], [12,28], [27,28], [56,100], [17,43]}
 [0.291494,0.31407):  {[11,84], [11,46]}
 [0.29106,0.30397):  {[42,60]}
 [0.290229,0.296501):  {[5,46]}
 [0.290045,0.323948):  {[33,69]}
 [0.288486,0.387574):  {[16,69], [33,69], [16,54], [33,87], [17,33], [30,54]}
 [0.286972,0.322641):  {[32,98], [88,98]}
 [0.285809,0.368022):  {[39,82], [11,78], [11,39], [6,39], [13,39], [39,47], [6,78]}
 [0.285706,0.371339):  {[22,48], [11,48], [48,84]}
 [0.283933,0.33971):  {[5,95], [5,37], [37,52]}
 [0.279217,0.321732):  {[34,67], [8,34]}
 [0.277212,0.290966):  {[16,80], [16,51]}
 [0.277205,0.277458):  {[53,90]}
 [0.276503,0.360623):  {[0,56]}
 [0.274534,0.276243):  {[0,83]}
 [0.273815,0.313238):  {[29,81], [62,81]}
 [0.27368,0.328813):  {[45,59], [25,45]}
 [0.273513,0.320678):  {[1,91], [1,74], [1,40], [1,34]}
 [0.273131,0.287804):  {[3,68], [3,51]}
 [0.269429,0.318119):  {[50,93], [0,83], [0,50], [21,50]}
 [0.2683,0.350326):  {[44,50], [50,93], [0,83], [0,50], [21,50]}
 [0.266753,0.396093):  {[17,87], [17,33], [17,99], [17,98]}
 [0.266276,0.272108):  {[54,90], [2,54]}
 [0.265523,0.345952):  {[41,60], [41,66], [60,75]}
 [0.264824,0.319236):  {[8,63]}
 [0.264786,0.322366):  {[38,51], [3,68], [3,51], [51,92]}
 [0.260308,0.322355):  {[1,59]}
 [0.259948,0.368023):  {[7,75], [41,60], [7,49], [37,49], [41,66], [60,75], [4,41], [49,52], [7,41]}
 [0.259689,0.334491):  {[5,58]}
 [0.258632,0.364282):  {[54,69], [54,90], [2,54], [16,54], [54,77]}
 [0.256251,0.324865):  {[72,97], [9,97], [9,45], [23,72]}
 [0.253787,0.327494):  {[7,60]}
 [0.253217,0.272965):  {[36,57], [57,61]}
 [0.25193,0.316973):  {[17,61], [36,57], [57,61]}
 [0.251575,0.334223):  {[65,72], [72,97], [9,97], [38,51], [3,68], [3,51], [51,92], [30,65], [9,45], [65,68], [23,72]}
 [0.248208,0.336487):  {[15,62], [15,30]}
 [0.248063,0.423497):  {[10,64], [17,61], [36,57], [57,61], [14,56], [56,73], [10,36], [28,43], [4,43], [43,61], [28,56], [0,73], [12,28], [57,64], [27,28], [56,100], [17,36], [36,98]}
 [0.24716,0.327571):  {[36,66], [4,36]}
 [0.244596,1.05546):  {[32,55], [10,64], [17,61], [36,57], [57,61], [22,48], [39,82], [14,56], [11,48], [56,73], [11,78], [11,39], [10,36], [28,43], [6,39], [4,43], [48,84], [43,61], [6,89], [6,35], [6,55], [10,55], [13,39], [6,79], [39,47], [28,56], [0,73], [6,78], [12,28], [55,82], [57,64], [27,28], [56,100], [17,36], [36,98], [55,98], [48,73], [64,98], [11,93], [0,22], [6,21], [78,82], [22,93], [39,88], [11,21], [32,89], [10,18], [4,17], [55,88], [6,18], [10,61], [33,61], [10,40], [39,94], [4,57], [18,32], [61,98], [48,52], [32,39], [57,66], [43,100], [47,78], [0,14], [46,48], [22,56], [14,27], [6,63], [82,89], [73,93], [84,93], [61,87], [27,100], [56,75], [43,66], [26,55], [27,73], [13,78], [10,66], [6,85], [10,20], [36,43], [41,56], [6,44], [32,64], [78,84], [35,82], [39,46], [10,89], [28,80], [55,57], [17,66], [49,56], [41,43], [47,48], [39,53], [0,84], [79,82], [32,35], [26,36], [39,71], [4,12], [26,61], [17,64], [73,83], [12,100], [10,74], [39,84], [4,33], [20,57], [18,82], [61,99], [21,82], [18,98], [28,38], [0,11], [28,33], [46,78], [12,61], [13,55], [10,91], [14,48], [28,83], [61,80], [26,64], [22,78], [0,28], [4,10], [32,78], [0,100], [50,73], [6,8], [48,49], [32,36], [61,69], [78,88], [26,39], [14,83], [24,39], [32,63], [66,98], [78,94], [36,87], [6,93], [21,84], [21,22], [6,74], [11,79], [40,98], [89,98], [40,57], [22,50], [36,99], [52,93], [14,43], [0,49], [46,93], [88,89], [48,71], [11,50], [32,74], [32,79], [0,52], [32,40], [14,93], [4,80], [4,98], [17,28], [21,47], [0,75], [5,48], [27,41], [22,83], [4,56], [71,78], [10,63], [33,36], [47,93], [12,14], [20,98], [63,82], [18,88], [56,84], [18,57], [64,88], [6,96], [27,75], [28,51], [2,61], [53,55], [83,100], [4,87], [55,99], [6,50], [22,39], [22,27], [36,88], [4,27], [6,34], [6,48], [52,56], [39,98], [13,21], [39,99], [12,41], [57,91], [21,73], [43,60], [43,75], [19,28], [14,50], [17,20], [48,75], [10,35], [11,44], [64,82], [21,32], [18,26], [52,78], [10,60], [57,60], [74,98], [32,61], [39,90], [64,99], [20,43], [21,46], [35,88], [50,84], [7,56], [43,64], [61,88], [13,89], [6,40], [26,89], [53,78], [82,93], [44,82], [1,10], [49,93], [6,64], [13,48], [73,78], [0,46], [39,52], [48,94], [33,66], [0,41], [48,82], [82,85], [80,100], [53,61], [10,34], [19,73], [41,57], [16,61], [28,57], [28,92], [13,79], [10,42], [17,55], [38,100], [37,48], [28,50], [91,98], [33,100], [74,82], [39,58], [17,100], [56,60], [64,87], [12,66], [27,49], [79,88], [17,41], [24,78], [4,26], [48,100], [10,39], [21,88], [13,35], [57,89], [12,73], [48,58], [36,69], [4,69], [57,74], [11,56], [11,83], [4,99], [26,66], [35,98], [63,98], [36,53], [11,35], [32,34], [32,85], [56,66], [14,38], [47,79], [14,19], [66,87], [26,78], [36,82], [6,67], [2,36], [71,93], [12,36], [21,52], [16,28], [13,93], [2,39], [57,100], [83,84], [43,73], [40,82], [5,39], [93,100], [55,94], [13,18], [6,31], [27,61], [75,93], [20,32], [21,94], [36,80], [17,60], [12,75], [26,40], [50,100], [28,93], [24,48], [75,83], [47,55], [51,61], [8,32], [63,88], [28,87], [32,66], [8,82], [39,77], [32,91], [38,73], [10,41], [53,64], [32,44], [37,56], [22,44], [55,87], [28,48], [56,61], [21,71], [0,6], [19,100], [5,93], [4,38], [0,47], [19,22], [40,88], [5,78], [33,41], [42,57], [44,73], [79,84], [17,40], [28,69], [66,99], [22,79], [6,19], [66,80], [54,61], [49,83], [41,83], [93,94], [78,98], [26,35], [58,78], [60,98], [74,88], [4,51], [20,26], [11,55], [61,90], [11,85], [4,16], [50,52], [50,82], [33,64], [13,64], [48,95], [41,48], [27,66], [7,48], [34,82], [11,89], [41,80], [39,73], [14,21], [27,84], [6,83], [7,43], [0,7], [10,79], [28,68], [14,80], [38,61], [46,56], [53,89], [13,36], [2,4], [44,84], [0,37], [0,5], [10,70], [6,36], [51,100], [2,55], [17,91], [26,74], [61,82], [46,50], [3,28], [43,49], [18,99], [11,96], [39,57], [49,50], [48,88], [78,99], [35,47], [78,90], [17,18], [11,19], [4,32], [39,87], [47,50], [34,98], [57,63], [13,61], [52,83], [82,96], [1,32], [79,98], [18,53], [10,78], [32,93], [50,75], [8,10], [27,60], [6,70], [89,99], [26,63], [6,76], [10,59], [1,57], [1,6], [2,64], [27,52], [73,79], [47,89], [1,98], [56,86], [0,4], [79,94], [12,60], [66,88], [14,33], [46,79], [88,93], [73,96], [7,27], [42,98], [13,63], [38,41], [21,53], [44,47], [66,69], [37,93], [4,83], [13,44], [14,78], [11,27], [26,79], [41,98], [10,86], [61,68], [10,28], [0,71], [10,100], [32,48], [43,91], [92,100], [5,56], [41,93], [4,88], [20,56], [64,69], [6,91], [55,90], [49,78], [57,75], [35,57], [48,77], [48,53], [7,10], [10,85], [28,96], [58,93], [20,33], [28,98], [85,88], [20,87], [26,91], [89,94], [44,88], [14,17], [21,26], [21,24], [21,49], [7,57], [14,92], [20,88], [35,53], [29,48], [16,36], [22,96], [17,75], [36,90], [24,93], [0,82], [20,99], [14,44], [77,78], [4,53], [12,49], [42,43], [19,84], [36,56], [53,79], [0,60], [5,21], [73,92], [39,54], [40,99], [14,51], [34,57], [13,85], [32,96], [87,100], [32,67], [35,94], [41,50], [28,31], [12,20], [32,70], [24,55], [38,75], [29,39], [33,60], [21,98], [40,43], [2,66], [28,44], [28,99]}
 [0.243428,0.257425):  {[13,53]}
 [0.239518,0.298552):  {[13,94], [53,94], [90,94]}
 [0.239044,0.277967):  {[47,71], [71,94]}
 [0.237876,0.291816):  {[24,77], [24,58]}
 [0.234965,0.357753):  {[34,70], [65,72], [72,97], [1,59], [9,97], [38,51], [3,68], [1,91], [45,59], [3,51], [51,92], [30,65], [9,45], [1,74], [1,40], [12,38], [1,34], [1,42], [65,68], [25,45], [23,72], [67,70], [45,81], [67,97]}
 [0.230517,0.341575):  {[23,67], [67,76], [8,76]}
 [0.228956,0.254489):  {[34,63], [63,74]}
 [0.22252,0.275945):  {[14,75]}
